camera:
  intrinsics:
    fx: 480.50306563246062
    fy: 479.47904092273950
    cx: 327.95650986671677
    cy: 239.74048148295319
  dist_coeffs: [-0.37376179439012602, 0.14950944626490301, -0.0035389969511980001, -0.00020541207419399999, 0]
  stream_requests: ["depth=100000"]

pointcloud:
  min_valid_percent: 5.0
  max_depth_mm: 5000
  read_delay_ms: 10
  max_no_frames: 100